DQN_A:
  gamma: 0.999671444970344
  learning_rate: 7.721318851702573e-05
  policy: MlpPolicy
  verbose: 1
